data = [ ...
0.28721197963928224, 0.0074015022169895911; ...
0.25948967194980671, 0.0091214766413319614; ...
0.21931610754331521, 0.019984789323592465; ...
0.20961884943765635, 0.0074808311834165505; ...
0.19255701052607579, 0.0063798225018513836; ...
0.19253239741053152, 0.004843399066096263; ...
0.19149932566279831, 0.0054569234083843505; ...
0.18080686719469743, 0.0043580331194010904; ...
0.18032966212740645, 0.0032985494627187114; ...
0.1714106932698522, 0.0016610434920713221; ...
0.17088755204726638, 0.01016612872537382; ...
0.17053483774771669, 0.0044323829214684392; ...
0.16926985736127703, 0.0022575749592315952; ...
0.16482642030405953, 0.0083203616793785969; ...
0.16462344239925064, 0.0074983720084879973; ...
0.16412068555867487, 0.0067488283767334423; ...
0.16371592903533158, 0.0059594956231737647; ...
0.16296604995870059, 0.0089259704021632767; ...
0.16106322451529373, 0.0023902074267661069; ...
0.15954800033753483, 0.0069912497521791624; ...
0.15732894424115582, 0.0053699074292981718; ...
0.15676660351819782, 0.0028107259883719008; ...
0.15674983836619144, 0.0022675774167928895; ...
0.1559947092375138, 0.0051082929369299229; ...
0.1550332446265954, 0.0091870399370769448; ...
0.15476684592929046, 0.0047980948555031381; ...
0.15340080076476095, 0.0094429697798959576; ...
0.15327633909218824, 0.005212516662228407; ...
0.15294573069125261, 0.0056568075015136906; ...
0.15232267200564495, 0.0058639668179342472; ...
0.15195013679055486, 0.0050403238065624897; ...
0.15053726068996745, 0.0039727071727281614; ...
0.15027868111203529, 0.0058625681709013455; ...
0.14824511477566088, 0.001888118925439631; ...
0.14813369276402144, 0.0050234778478212795; ...
0.14746026027488685, 0.001828644261990359; ...
0.14581918147751338, 0.002924140302029104; ...
0.14541165347971216, 0.0025268204660062834; ...
0.14435159379915369, 0.0022229924302706026; ...
0.14414947329591205, 0.0042002354161840214; ...
0.14395870754528994, 0.0052255185286300306; ...
0.14383577781836748, 0.0083617163440855534; ...
0.143370332303976, 0.012115701439429194; ...
0.14320880281504383, 0.0012058010114482471; ...
0.14267558855320728, 0.0021635598948578525; ...
0.14256037391813017, 0.0070562846992566564; ...
0.14238854567196893, 0.0060970857250293156; ...
0.14208599265867847, 0.0030209702915206527; ...
0.14208033720097896, 0.010089104519508951; ...
0.14171102198198415, 0.0061098673233311957; ...
0.14076276185886982, 0.0052931716263549524; ...
0.14050844557826672, 0.0055394396124334834; ...
0.13992654197143381, 0.0056054273139754859; ...
0.13907413925635412, 0.00536644568870954; ...
0.13839629792140584, 0.0051533577602925727; ...
0.13801400800007504, 0.0035249835597521641; ...
0.13800584686838691, 0.0067535400635770288; ...
0.13767327599337853, 0.0021713947612022055; ...
0.1375323563331137, 0.0026103602766180578; ...
0.1371953272227977, 0.0039461630734287882; ...
0.13687030160005148, 0.0041303495045936691; ...
0.13603861505096415, 0.0038594090329582193; ...
0.13402332179616372, 0.0013828954534722672; ...
0.13372959764116471, 0.0042662380034824499; ...
0.13372259744119597, 0.0046904164918492022; ...
0.13337083611490561, 0.00083901219909717081; ...
0.13317754408581089, 0.0060191427983330905; ...
0.13165682105300186, 0.0055091293999944687; ...
0.13158767281972383, 0.0047658865335479562; ...
0.12931544662247213, 0.0022716340634362439; ...
0.12881524069342049, 0.0024722019448805387; ...
0.12866820711751648, 0.0030874847476209158; ...
0.12858373766525108, 0.0054197064208637222; ...
0.12844272619370289, 0.001333668385205809; ...
0.12831808355074578, 0.0029470727303265317; ...
0.12828468908502139, 0.0056378574544448685; ...
0.12741747469187301, 0.0029814998174060303; ...
0.1272870290311317, 0.0088225379117038427; ...
0.1269170881083202, 0.0036949539262859416; ...
0.12670830335776739, 0.0032258604412727584; ...
0.12666983344235927, 0.0020037360902824481; ...
0.12653509160534229, 0.0026536354084354284; ...
0.12578206652085025, 0.0034753121325069337; ...
0.12566345723724695, 0.004787098882150966; ...
0.1255303848649916, 0.0042157961656620023; ...
0.125242442298755, 0.0035734195549708843; ...
0.12519011874406805, 0.00097959986962078971; ...
0.124209975509985, 0.0058191823882967576; ...
0.12413830270338463, 0.006124905801082184; ...
0.12400157790901006, 0.0031259867910815547; ...
0.12385891023230032, 0.0016354416184263428; ...
0.12382472277017692, 0.0039697371791873317; ...
0.12344109849307534, 0.0022487740340619185; ...
0.12330694780385501, 0.0070237145028307271; ...
0.12323207967182218, 0.005274782839200097; ...
0.12303434990870438, 0.0081433433834509922; ...
0.12299209071968059, 0.0072630615737699841; ...
0.12177327037687483, 0.0076082517107614054; ...
0.12175741006176996, 0.003129637800222327; ...
0.12159616674371218, 0.0023648164581901183; ...
0.12123642077690011, 0.0086332149225509767; ...
0.12119615218659353, 0.0011358884819417539; ...
0.12112309368204728, 0.0056030487812394857; ...
0.12078714982701041, 0.0058188355840670695; ...
0.12062702640780008, 0.0044705618952858382; ...
0.12039370155429888, 0.00274197976943822; ...
0.11999983876313437, 0.0031756798725261519; ...
0.11965072834548904, 0.0089731317900377285; ...
0.11945396087066096, 0.0051833926729116528; ...
0.11945025771134093, 0.0046779379761126344; ...
0.11931616421382901, 0.0085981492025979031; ...
0.11888842151886156, 0.0048867437185529435; ...
0.11867145024384528, 0.0023537254662200618; ...
0.11863931820047824, 0.0068247604246209088; ...
0.11858815102003833, 0.0073558752684351747; ...
0.11854172389078751, 0.00035711277546027198; ...
0.11788850878945081, 0.0069172055331781224; ...
0.11785720178358847, 0.0015037292029406592; ...
0.1177959095747292, 0.0046549225260346981; ...
0.1175974660914748, 0.010593410855510908; ...
0.11759653795807673, 0.0056389681976267989; ...
0.11633535649610253, 0.0016591097299217311; ...
0.11589851711025256, 0.0021959996099394866; ...
0.11576359059187175, 0.0025400715655344089; ...
0.11565807578580783, 0.0041200279525252645; ...
0.11536302370829118, 0.0047845070503376589; ...
0.11520166075070611, 0.0063105886765753441; ...
0.11499217273608023, 0.005841249038588462; ...
0.11480455592295322, 0.0021969660874483258; ...
0.11475767774991577, 0.0054117618026789391; ...
0.11463686631515489, 0.005344532987945308; ...
0.11426940819953699, 0.011840430277029046; ...
0.11366742091769003, 0.004160652398426644; ...
0.11348249821515141, 0.0066570791647378022; ...
0.11346659230487309, 0.0090249552113714666; ...
0.11346306295219909, 0.0032500091775166068; ...
0.11345945565702642, 0.0071423111086498315; ...
0.11342914844578585, 0.0047543102863959567; ...
0.11321315330526133, 0.0042778183258554633; ...
0.11311958524781848, 0.0043351928405758414; ...
0.11303670464972163, 0.0087296978128150477; ...
0.11257188715510999, 0.0038879090280124914; ...
0.11208797140376116, 0.0041338894714804935; ...
0.11184142165842348, 0.0041425875096657355; ...
0.11182448130480914, 0.0073502341453097163; ...
0.11126690352621402, 0.0021199950041715732; ...
0.11120853304720736, 0.0015028003843664361; ...
0.1110824144327771, 0.0042545026221448993; ...
0.11056301309789834, 0.00450812039473052; ...
0.11004592117451568, 0.0052048939076729858; ...
0.10998128001457898, 0.0054544876697462811; ...
0.10974095394563355, 0.0069414995746257839; ...
0.10970874443747114, 0.0012720086581708345; ...
0.10965317378145018, 0.005261731296161881; ...
0.10947166445043192, 0.0088005673938257103; ...
0.10935570783347566, 0.0080109320749597278; ...
0.10903112505328508, 0.0040700060450113524; ...
0.10899050467686736, 0.0052337917589937175; ...
0.10867008828191821, 0.0045591904371322127; ...
0.10852462037453189, 0.0048070300839727267; ...
0.10850899618306785, 0.004191679427359235; ...
0.10788139114866677, 0.0052812718450037117; ...
0.10777287007416156, 0.0014033862796875309; ...
0.10772247723575415, 0.0028884358621096844; ...
0.10747001567745987, 0.0016303165997475027; ...
0.10735744976341943, 0.0050749305834247435; ...
0.10726571564365379, 0.0024087753006186616; ...
